/* ===========================================================================
*
*                            PUBLIC DOMAIN NOTICE
*               National Center for Biotechnology Information
*
*  This software/database is a "United States Government Work" under the
*  terms of the United States Copyright Act.  It was written as part of
*  the author's official duties as a United States Government employee and
*  thus cannot be copyrighted.  This software/database is freely available
*  to the public for use. The National Library of Medicine and the U.S.
*  Government have not placed any restriction on its use or reproduction.
*
*  Although all reasonable efforts have been taken to ensure the accuracy
*  and reliability of the software and data, the NLM and the U.S.
*  Government do not and cannot warrant the performance or results that
*  may be obtained by using this software or data. The NLM and the U.S.
*  Government disclaim all warranties, express or implied, including
*  warranties of performance, merchantability or fitness for any particular
*  purpose.
*
*  Please cite the author in any work or product based on this material.
*
* ===========================================================================*/

/** @file matrix_frequency_data.c
 * Joint probabilities for specific matrices.
 *
 * @author Yi-Kuo Yu, Alejandro Schaffer, E. Michael Gertz
 */
#ifndef SKIP_DOXYGEN_PROCESSING
static char const rcsid[] =
    "$Id: matrix_frequency_data.c 439568 2014-07-01 16:13:36Z madden $";
#endif /* SKIP_DOXYGEN_PROCESSING */

#include <stdlib.h>
#include <algo/blast/core/ncbi_std.h>
#include <algo/blast/composition_adjustment/composition_constants.h>
#include <algo/blast/composition_adjustment/matrix_frequency_data.h>


/*
 * Joint and background probabilities for the BLOSUM series of
 * matrices.
 *
 * These data are the actual joint probabilities originally used to
 * generate the BLOSUM matrices, printed at full precision (because we
 * can.)  The blocks data was obtained from
 *
 *    ftp://ftp.ncbi.nih.gov/repository/blocks/unix/blosum/blocks_5.0.dat.Z
 *
 * and used to generate the joint probabilities for the BLOSUM
 * matrices, using a small modification to the 'blosum' program
 * supplied in 
 *
 *    ftp://ftp.ncbi.nih.gov/repository/blocks/unix/blosum/blosum.tar.Z
 *
 * The 'blosum' program generates files that contain joint
 * probabilities, e.g. 'blosum62.qij', but these probabilities are by
 * default printed at low accuracy.  We modified the print statements
 * the generate blosum??.qij to print at full precision. The specific
 * modification to the Oct 18, 1992 version of the file blosum.c is
 *
 * 229c229
 * <        fprintf(fout, "%.4f ", (double) fij / totpairs);
 * ---
 * >        fprintf(fout, "%.16e ", (double) fij / totpairs);
 *
 * Internally, the 'blosum' program uses exactly the higher-precision
 * values that we print out to compute matrices.
 */


/** Joint probabilities for BLOSUM45 */
static const double
BLOSUM45_JOINT_PROBS[COMPO_NUM_TRUE_AA][COMPO_NUM_TRUE_AA] =
{
  {1.8067859192199651e-02, 2.8632970280029189e-03, 2.5852716092104864e-03,
   2.6802872542729885e-03, 1.4721761726112878e-03, 2.4357016851740214e-03,
   3.7509741193044975e-03, 6.3392371060867767e-03, 1.2691974410907309e-03,
   3.6179059863255059e-03, 5.2267067349121834e-03, 3.6916191127573101e-03,
   1.6118871872377726e-03, 2.1340510849853227e-03, 2.3620871424910785e-03,
   6.2253573100243412e-03, 4.1104541288450981e-03, 5.9150588019808183e-04,
   1.6885104821419373e-03, 5.5306101689579796e-03},
  {2.8632970280029189e-03, 1.2981201352308378e-02, 1.9658257815459023e-03,
   2.0049066095474076e-03, 5.7991132007379289e-04, 2.4961427104605001e-03,
   3.0703156814048727e-03, 2.2360083825481514e-03, 1.2617224002813071e-03,
   1.5810689324881372e-03, 2.9473459585734607e-03, 6.0953893700066292e-03,
   1.0175430650195330e-03, 1.4313644854523438e-03, 1.2956809668774457e-03,
   2.5563801601305607e-03, 1.9632608045077912e-03, 4.0556397557578358e-04,
   1.4263902102458958e-03, 2.1140813134646885e-03},
  {2.5852716092104864e-03, 1.9658257815459023e-03, 7.8501470034711886e-03,
   3.1259558053206788e-03, 6.6941554412093584e-04, 1.5524817804651980e-03,
   2.1724722312522963e-03, 3.3237456813136586e-03, 1.2666696726132058e-03,
   1.4625067095661482e-03, 1.8988677499765833e-03, 2.8106528553236663e-03,
   7.1583261905988334e-04, 1.1127971670944336e-03, 1.1422087671867729e-03,
   3.0730446623880589e-03, 2.4501354524355920e-03, 2.1811180797041274e-04,
   8.5687995159461643e-04, 1.6162116532974411e-03},
  {2.6802872542729885e-03, 2.0049066095474076e-03, 3.1259558053206788e-03,
   1.3237563732845571e-02, 6.2265374552703391e-04, 1.7098653558570117e-03,
   4.7436012699642992e-03, 2.7602948240886133e-03, 1.2034182798676748e-03,
   1.3552305161392132e-03, 2.1559462215056625e-03, 2.8090778444402500e-03,
   6.1643397738889020e-04, 9.9489940177469407e-04, 1.5334105263610980e-03,
   2.8268709927001139e-03, 2.2865632447178858e-03, 2.4814784831918892e-04,
   1.0831280925706914e-03, 1.7172231262216453e-03},
  {1.4721761726112878e-03, 5.7991132007379289e-04, 6.6941554412093584e-04,
   6.2265374552703391e-04, 9.4412874076739879e-03, 4.1042025902182758e-04,
   7.4458585782220040e-04, 9.8139056130103924e-04, 2.8594866937112776e-04,
   7.8981156978924646e-04, 1.4823588205010103e-03, 7.7106114710675307e-04,
   3.5586318613686682e-04, 6.5657489327527010e-04, 4.1203914885321426e-04,
   1.1459765491404468e-03, 1.0139516933242551e-03, 1.0481557906271918e-04,
   3.8818429938079952e-04, 1.1756651305043552e-03},
  {2.4357016851740214e-03, 2.4961427104605001e-03, 1.5524817804651980e-03,
   1.7098653558570117e-03, 4.1042025902182758e-04, 5.6843729268296912e-03,
   3.1938622849651262e-03, 1.8500970336630773e-03, 1.0245276847880554e-03,
   1.2849197264462630e-03, 2.1618326111720785e-03, 2.8660992672576535e-03,
   8.4702447612542125e-04, 7.3960293189886505e-04, 1.0946565407497567e-03,
   2.3989430846357322e-03, 1.4716698819858265e-03, 3.0973861280282215e-04,
   1.0059662375582828e-03, 1.3753940441066036e-03},
  {3.7509741193044975e-03, 3.0703156814048727e-03, 2.1724722312522963e-03,
   4.7436012699642992e-03, 7.4458585782220040e-04, 3.1938622849651262e-03,
   1.3069658477215567e-02, 2.5107356320500625e-03, 1.3852382529276910e-03,
   1.7450831790645173e-03, 3.1086857110181228e-03, 4.4504838476236725e-03,
   8.9571496470550454e-04, 1.3425662787911086e-03, 2.2536863740022671e-03,
   3.2415108480856065e-03, 2.5397857261280324e-03, 4.0327648497408492e-04,
   1.2098752538504236e-03, 2.2567534430266742e-03},
  {6.3392371060867767e-03, 2.2360083825481514e-03, 3.3237456813136586e-03,
   2.7602948240886133e-03, 9.8139056130103924e-04, 1.8500970336630773e-03,
   2.5107356320500625e-03, 2.8511624448995753e-02, 1.2310524422167546e-03,
   1.9327062043969442e-03, 3.1643945035180797e-03, 3.0499894759105127e-03,
   1.0995162153881082e-03, 1.6723363525115967e-03, 2.2429535327172330e-03,
   4.8536849682850143e-03, 2.7272360099530155e-03, 5.9271120428223316e-04,
   1.3911803421160626e-03, 2.5146676607186078e-03},
  {1.2691974410907309e-03, 1.2617224002813071e-03, 1.2666696726132058e-03,
   1.2034182798676748e-03, 2.8594866937112776e-04, 1.0245276847880554e-03,
   1.3852382529276910e-03, 1.2310524422167546e-03, 5.8487547639124796e-03,
   6.9585846800609714e-04, 1.5573467613102150e-03, 1.3245694120032801e-03,
   5.7090651699323862e-04, 7.8182832078834081e-04, 6.9844962409397991e-04,
   1.2960325177514280e-03, 9.1931607877249958e-04, 1.4976351019639964e-04,
   1.2330522291934879e-03, 7.9246698200683503e-04},
  {3.6179059863255059e-03, 1.5810689324881372e-03, 1.4625067095661482e-03,
   1.3552305161392132e-03, 7.8981156978924646e-04, 1.2849197264462630e-03,
   1.7450831790645173e-03, 1.9327062043969442e-03, 6.9585846800609714e-04,
   1.2388694439401509e-02, 9.2647566985432136e-03, 1.9773203824746490e-03,
   2.2593292403687306e-03, 3.0575457844642532e-03, 1.6077385068018789e-03,
   2.3421848303183976e-03, 2.7542711781141610e-03, 4.6749463838911354e-04,
   1.8956764459114616e-03, 9.4267822167510788e-03},
  {5.2267067349121834e-03, 2.9473459585734607e-03, 1.8988677499765833e-03,
   2.1559462215056625e-03, 1.4823588205010103e-03, 2.1618326111720785e-03,
   3.1086857110181228e-03, 3.1643945035180797e-03, 1.5573467613102150e-03,
   9.2647566985432136e-03, 2.6346530417480200e-02, 3.1142098082328640e-03,
   4.0711638827261041e-03, 5.6719761997807835e-03, 1.9088185348168649e-03,
   3.1873279813785520e-03, 3.8426846085017905e-03, 8.4082046153240706e-04,
   3.0567323782711214e-03, 8.7503010016331175e-03},
  {3.6916191127573101e-03, 6.0953893700066292e-03, 2.8106528553236663e-03,
   2.8090778444402500e-03, 7.7106114710675307e-04, 2.8660992672576535e-03,
   4.4504838476236725e-03, 3.0499894759105127e-03, 1.3245694120032801e-03,
   1.9773203824746490e-03, 3.1142098082328640e-03, 1.1978396089560937e-02,
   1.1104403771137466e-03, 1.4742483750212233e-03, 1.9968025222690676e-03,
   3.2668812435946099e-03, 2.7862613227875948e-03, 4.5043772800615431e-04,
   1.4940888302424689e-03, 2.4843185667476147e-03},
  {1.6118871872377726e-03, 1.0175430650195330e-03, 7.1583261905988334e-04,
   6.1643397738889020e-04, 3.5586318613686682e-04, 8.4702447612542125e-04,
   8.9571496470550454e-04, 1.0995162153881082e-03, 5.7090651699323862e-04,
   2.2593292403687306e-03, 4.0711638827261041e-03, 1.1104403771137466e-03,
   2.5874360305861857e-03, 1.2371987255888946e-03, 6.8765677463444332e-04,
   1.0131873446874034e-03, 1.1327846844696357e-03, 2.1265849704555571e-04,
   8.6680034269080448e-04, 2.1688399348504966e-03},
  {2.1340510849853227e-03, 1.4313644854523438e-03, 1.1127971670944336e-03,
   9.9489940177469407e-04, 6.5657489327527010e-04, 7.3960293189886505e-04,
   1.3425662787911086e-03, 1.6723363525115967e-03, 7.8182832078834081e-04,
   3.0575457844642532e-03, 5.6719761997807835e-03, 1.4742483750212233e-03,
   1.2371987255888946e-03, 1.2391203870190888e-02, 8.9236221263296761e-04,
   1.7312816295078565e-03, 1.7453918151105632e-03, 8.4095245274993082e-04,
   3.4263744717066835e-03, 3.0946984716836139e-03},
  {2.3620871424910785e-03, 1.2956809668774457e-03, 1.1422087671867729e-03,
   1.5334105263610980e-03, 4.1203914885321426e-04, 1.0946565407497567e-03,
   2.2536863740022671e-03, 2.2429535327172330e-03, 6.9844962409397991e-04,
   1.6077385068018789e-03, 1.9088185348168649e-03, 1.9968025222690676e-03,
   6.8765677463444332e-04, 8.9236221263296761e-04, 1.6004098119159461e-02,
   1.9539606804874826e-03, 1.9148086102650892e-03, 2.9896951765680344e-04,
   6.8907122080648483e-04, 1.6099029423219423e-03},
  {6.2253573100243412e-03, 2.5563801601305607e-03, 3.0730446623880589e-03,
   2.8268709927001139e-03, 1.1459765491404468e-03, 2.3989430846357322e-03,
   3.2415108480856065e-03, 4.8536849682850143e-03, 1.2960325177514280e-03,
   2.3421848303183976e-03, 3.1873279813785520e-03, 3.2668812435946099e-03,
   1.0131873446874034e-03, 1.7312816295078565e-03, 1.9539606804874826e-03,
   1.0412392255159685e-02, 4.7291383160678064e-03, 3.5033107367116276e-04,
   1.4588588725561497e-03, 3.1161052123834937e-03},
  {4.1104541288450981e-03, 1.9632608045077912e-03, 2.4501354524355920e-03,
   2.2865632447178858e-03, 1.0139516933242551e-03, 1.4716698819858265e-03,
   2.5397857261280324e-03, 2.7272360099530155e-03, 9.1931607877249958e-04,
   2.7542711781141610e-03, 3.8426846085017905e-03, 2.7862613227875948e-03,
   1.1327846844696357e-03, 1.7453918151105632e-03, 1.9148086102650892e-03,
   4.7291383160678064e-03, 8.6497284024982021e-03, 3.1868671219664247e-04,
   1.3184355271303671e-03, 3.8213223234837145e-03},
  {5.9150588019808183e-04, 4.0556397557578358e-04, 2.1811180797041274e-04,
   2.4814784831918892e-04, 1.0481557906271918e-04, 3.0973861280282215e-04,
   4.0327648497408492e-04, 5.9271120428223316e-04, 1.4976351019639964e-04,
   4.6749463838911354e-04, 8.4082046153240706e-04, 4.5043772800615431e-04,
   2.1265849704555571e-04, 8.4095245274993082e-04, 2.9896951765680344e-04,
   3.5033107367116276e-04, 3.1868671219664247e-04, 5.3077625858668461e-03,
   8.1328347217338593e-04, 4.4278005713663357e-04},
  {1.6885104821419373e-03, 1.4263902102458958e-03, 8.5687995159461643e-04,
   1.0831280925706914e-03, 3.8818429938079952e-04, 1.0059662375582828e-03,
   1.2098752538504236e-03, 1.3911803421160626e-03, 1.2330522291934879e-03,
   1.8956764459114616e-03, 3.0567323782711214e-03, 1.4940888302424689e-03,
   8.6680034269080448e-04, 3.4263744717066835e-03, 6.8907122080648483e-04,
   1.4588588725561497e-03, 1.3184355271303671e-03, 8.1328347217338593e-04,
   6.5658130332894053e-03, 1.9130855013886519e-03},
  {5.5306101689579796e-03, 2.1140813134646885e-03, 1.6162116532974411e-03,
   1.7172231262216453e-03, 1.1756651305043552e-03, 1.3753940441066036e-03,
   2.2567534430266742e-03, 2.5146676607186078e-03, 7.9246698200683503e-04,
   9.4267822167510788e-03, 8.7503010016331175e-03, 2.4843185667476147e-03,
   2.1688399348504966e-03, 3.0946984716836139e-03, 1.6099029423219423e-03,
   3.1161052123834937e-03, 3.8213223234837145e-03, 4.4278005713663357e-04,
   1.9130855013886519e-03, 1.4058608660834061e-02}};

/** Background frequencies for BLOSUM45 */
static const double
BLOSUM45_bg[COMPO_NUM_TRUE_AA] =
{7.8254696826829992e-02, 5.2293400508515497e-02, 4.1869234505207159e-02,
 4.9715478669430609e-02, 2.3504091554598174e-02, 3.5913319135963809e-02,
 5.8088865918176615e-02, 7.4985562582061308e-02, 2.4796120028184831e-02,
 6.1906885653760506e-02, 9.3758807045384390e-02, 6.0002347578480664e-02,
 2.5078218042817218e-02, 4.6429254925009635e-02, 4.2599362265185327e-02,
 6.1179450532953900e-02, 5.2495886521295561e-02, 1.3367812099806363e-02,
 3.3781387194819178e-02, 6.9979818411519248e-02};


/** Joint probabilities for BLOSUM50 */
static const double
BLOSUM50_JOINT_PROBS[COMPO_NUM_TRUE_AA][COMPO_NUM_TRUE_AA] =
{
  {1.9177376165900414e-02, 2.7240376714546557e-03, 2.4031492992281512e-03,
   2.5950400141435646e-03, 1.5161141503466080e-03, 2.1916331677173605e-03,
   3.4448278914639618e-03, 6.2251471153775524e-03, 1.2127849526349368e-03,
   3.5067963781079273e-03, 4.8064175187919377e-03, 3.3118156445774184e-03,
   1.5929928229676674e-03, 2.0111462534334831e-03, 2.2367690269707355e-03,
   6.2077372467778114e-03, 3.9182728585714704e-03, 4.8631739510959277e-04,
   1.5289255743243066e-03, 5.4421693501580945e-03},
  {2.7240376714546557e-03, 1.5249518561669190e-02, 1.9839339217171100e-03,
   1.8569646551144466e-03, 5.0841145558634812e-04, 2.5241992415035875e-03,
   2.9346714600391238e-03, 2.0330929248566329e-03, 1.2916661377324677e-03,
   1.4850904029213015e-03, 2.8200506536265085e-03, 6.3631786906688794e-03,
   8.8044244163237157e-04, 1.1827555704613821e-03, 1.1291633722052721e-03,
   2.5480707779992882e-03, 2.0755623893205866e-03, 3.8597740102525838e-04,
   1.2968650803478032e-03, 1.9767324973351923e-03},
  {2.4031492992281512e-03, 1.9839339217171100e-03, 1.0064274648985122e-02,
   3.4938528463521034e-03, 5.8526580393535813e-04, 1.5772225567522585e-03,
   2.2654955215314441e-03, 3.1227790949497000e-03, 1.5032392778514345e-03,
   1.2604525924282989e-03, 1.7212395367610532e-03, 2.6781179272946298e-03,
   6.5072987349609041e-04, 9.2077070726659231e-04, 1.0780835837505738e-03,
   3.1777703084905646e-03, 2.5607235691682607e-03, 2.2470939491808472e-04,
   9.0102455753719311e-04, 1.4642269583191670e-03},
  {2.5950400141435646e-03, 1.8569646551144466e-03, 3.4938528463521034e-03,
   1.6142284245400377e-02, 4.9055796014848500e-04, 1.7355972391605227e-03,
   4.8092932462930728e-03, 2.8256049847966923e-03, 1.1224039610689225e-03,
   1.2187267471037043e-03, 1.8320202151810498e-03, 2.6483031701007680e-03,
   5.4518900860208049e-04, 8.3372775443144032e-04, 1.4911089792375384e-03,
   2.8168184837142236e-03, 2.2443557004503045e-03, 2.1629521399451062e-04,
   8.6838200454238037e-04, 1.6071086977600263e-03},
  {1.5161141503466080e-03, 5.0841145558634812e-04, 5.8526580393535813e-04,
   4.9055796014848500e-04, 9.0790816399874165e-03, 3.7509694198458956e-04,
   5.7443167694834051e-04, 8.6416125741413223e-04, 2.8532822032727102e-04,
   8.3949095461630769e-04, 1.3866946702884293e-03, 5.9394346268641564e-04,
   3.7056882781629923e-04, 6.0643258121975913e-04, 3.6775301298071699e-04,
   1.1014893301583900e-03, 9.6593119839638185e-04, 9.5473415415687051e-05,
   4.0265275985100583e-04, 1.3071530803028910e-03},
  {2.1916331677173605e-03, 2.5241992415035875e-03, 1.5772225567522585e-03,
   1.7355972391605227e-03, 3.7509694198458956e-04, 5.7288780946700701e-03,
   3.2946407159359019e-03, 1.6542835961738131e-03, 1.0434512306085959e-03,
   1.1246276733803604e-03, 1.8792097500823605e-03, 2.8672107479796771e-03,
   8.1749695236423632e-04, 7.0039848968711364e-04, 1.0716022846036992e-03,
   2.2199500917807818e-03, 1.4976248429072652e-03, 3.4211307677156259e-04,
   8.6801232355735846e-04, 1.4099696811263587e-03},
  {3.4448278914639618e-03, 2.9346714600391238e-03, 2.2654955215314441e-03,
   4.8092932462930728e-03, 5.7443167694834051e-04, 3.2946407159359019e-03,
   1.4137738860962050e-02, 2.2506310350989874e-03, 1.2713631289270268e-03,
   1.5027392767795753e-03, 2.5813459827982222e-03, 4.3484287857007489e-03,
   8.3289745544177065e-04, 1.2381529956170115e-03, 1.9357892959573676e-03,
   2.9614835299989701e-03, 2.4465955340418752e-03, 4.2400226067181517e-04,
   1.2320532047293646e-03, 1.9587224017250621e-03},
  {6.2251471153775524e-03, 2.0330929248566329e-03, 3.1227790949497000e-03,
   2.8256049847966923e-03, 8.6416125741413223e-04, 1.6542835961738131e-03,
   2.2506310350989874e-03, 3.1590334199549770e-02, 1.0972793065146165e-03,
   1.7523277816042203e-03, 2.6606416500206632e-03, 2.7990435215878512e-03,
   9.3546770862675606e-04, 1.4703871152100261e-03, 1.8725532583338258e-03,
   4.3892726706643180e-03, 2.4867404596474229e-03, 5.1106914401047939e-04,
   1.1558215242534139e-03, 2.1542687026690753e-03},
  {1.2127849526349368e-03, 1.2916661377324677e-03, 1.5032392778514345e-03,
   1.1224039610689225e-03, 2.8532822032727102e-04, 1.0434512306085959e-03,
   1.2713631289270268e-03, 1.0972793065146165e-03, 6.3804882118271523e-03,
   6.5152626785360663e-04, 1.2931025418026663e-03, 1.3522962310675180e-03,
   4.5805146362189403e-04, 8.9702000483341665e-04, 5.8791282749163360e-04,
   1.2089586814863836e-03, 8.5349236685497410e-04, 1.6088475111162087e-04,
   1.2994388028749182e-03, 7.4034388655116329e-04},
  {3.5067963781079273e-03, 1.4850904029213015e-03, 1.2604525924282989e-03,
   1.2187267471037043e-03, 8.3949095461630769e-04, 1.1246276733803604e-03,
   1.5027392767795753e-03, 1.7523277816042203e-03, 6.5152626785360663e-04,
   1.3999757001274281e-02, 1.0390816757632199e-02, 1.7363767070665819e-03,
   2.2467399442463766e-03, 3.0498186875911964e-03, 1.3390359572833434e-03,
   2.0791955470136677e-03, 2.9182353019045755e-03, 4.5881135439627285e-04,
   1.7726237165460320e-03, 1.0732172589653342e-02},
  {4.8064175187919377e-03, 2.8200506536265085e-03, 1.7212395367610532e-03,
   1.8320202151810498e-03, 1.3866946702884293e-03, 1.8792097500823605e-03,
   2.5813459827982222e-03, 2.6606416500206632e-03, 1.2931025418026663e-03,
   1.0390816757632199e-02, 3.0409269773873687e-02, 2.6510115013545226e-03,
   4.1722701893507309e-03, 5.8008510370760203e-03, 1.7339408813938210e-03,
   2.9030148705129709e-03, 3.8403853123581615e-03, 7.8809411669902049e-04,
   2.7481481703784771e-03, 9.1689424893657400e-03},
  {3.3118156445774184e-03, 6.3631786906688794e-03, 2.6781179272946298e-03,
   2.6483031701007680e-03, 5.9394346268641564e-04, 2.8672107479796771e-03,
   4.3484287857007489e-03, 2.7990435215878512e-03, 1.3522962310675180e-03,
   1.7363767070665819e-03, 2.6510115013545226e-03, 1.2999587798271149e-02,
   9.6710745846319019e-04, 1.2387025901401758e-03, 1.8070838729286381e-03,
   3.0739875836290694e-03, 2.5875240617244397e-03, 3.6617320485888769e-04,
   1.2944286682925433e-03, 2.1916787299081464e-03},
  {1.5929928229676674e-03, 8.8044244163237157e-04, 6.5072987349609041e-04,
   5.4518900860208049e-04, 3.7056882781629923e-04, 8.1749695236423632e-04,
   8.3289745544177065e-04, 9.3546770862675606e-04, 4.5805146362189403e-04,
   2.2467399442463766e-03, 4.1722701893507309e-03, 9.6710745846319019e-04,
   2.8637130884961001e-03, 1.2334264856852042e-03, 5.4319510273222540e-04,
   9.8962843407290630e-04, 1.1386579188117374e-03, 2.5453642381012927e-04,
   7.4966082446689317e-04, 2.1431247883570799e-03},
  {2.0111462534334831e-03, 1.1827555704613821e-03, 9.2077070726659231e-04,
   8.3372775443144032e-04, 6.0643258121975913e-04, 7.0039848968711364e-04,
   1.2381529956170115e-03, 1.4703871152100261e-03, 8.9702000483341665e-04,
   3.0498186875911964e-03, 5.8008510370760203e-03, 1.2387025901401758e-03,
   1.2334264856852042e-03, 1.5352527520022995e-02, 7.3889079577318679e-04,
   1.5819841076161790e-03, 1.4517880681388670e-03, 8.8872966327839206e-04,
   3.9057132596179516e-03, 2.9949355095799514e-03},
  {2.2367690269707355e-03, 1.1291633722052721e-03, 1.0780835837505738e-03,
   1.4911089792375384e-03, 3.6775301298071699e-04, 1.0716022846036992e-03,
   1.9357892959573676e-03, 1.8725532583338258e-03, 5.8791282749163360e-04,
   1.3390359572833434e-03, 1.7339408813938210e-03, 1.8070838729286381e-03,
   5.4319510273222540e-04, 7.3889079577318679e-04, 1.7056411057608904e-02,
   1.8468214541146135e-03, 1.6196921560667427e-03, 2.3541955953234630e-04,
   6.4111850267928403e-04, 1.5531163167895289e-03},
  {6.2077372467778114e-03, 2.5480707779992882e-03, 3.1777703084905646e-03,
   2.8168184837142236e-03, 1.1014893301583900e-03, 2.2199500917807818e-03,
   2.9614835299989701e-03, 4.3892726706643180e-03, 1.2089586814863836e-03,
   2.0791955470136677e-03, 2.9030148705129709e-03, 3.0739875836290694e-03,
   9.8962843407290630e-04, 1.5819841076161790e-03, 1.8468214541146135e-03,
   1.1119087492164673e-02, 4.7130010640939217e-03, 3.1984588103465904e-04,
   1.2969411223575139e-03, 2.9238790831836834e-03},
  {3.9182728585714704e-03, 2.0755623893205866e-03, 2.5607235691682607e-03,
   2.2443557004503045e-03, 9.6593119839638185e-04, 1.4976248429072652e-03,
   2.4465955340418752e-03, 2.4867404596474229e-03, 8.5349236685497410e-04,
   2.9182353019045755e-03, 3.8403853123581615e-03, 2.5875240617244397e-03,
   1.1386579188117374e-03, 1.4517880681388670e-03, 1.6196921560667427e-03,
   4.7130010640939217e-03, 9.9511225720898735e-03, 3.6462369214353146e-04,
   1.2243502023766173e-03, 4.0630285182107874e-03},
  {4.8631739510959277e-04, 3.8597740102525838e-04, 2.2470939491808472e-04,
   2.1629521399451062e-04, 9.5473415415687051e-05, 3.4211307677156259e-04,
   4.2400226067181517e-04, 5.1106914401047939e-04, 1.6088475111162087e-04,
   4.5881135439627285e-04, 7.8809411669902049e-04, 3.6617320485888769e-04,
   2.5453642381012927e-04, 8.8872966327839206e-04, 2.3541955953234630e-04,
   3.1984588103465904e-04, 3.6462369214353146e-04, 5.8917653327232667e-03,
   8.1035438644761436e-04, 4.8135675107584730e-04},
  {1.5289255743243066e-03, 1.2968650803478032e-03, 9.0102455753719311e-04,
   8.6838200454238037e-04, 4.0265275985100583e-04, 8.6801232355735846e-04,
   1.2320532047293646e-03, 1.1558215242534139e-03, 1.2994388028749182e-03,
   1.7726237165460320e-03, 2.7481481703784771e-03, 1.2944286682925433e-03,
   7.4966082446689317e-04, 3.9057132596179516e-03, 6.4111850267928403e-04,
   1.2969411223575139e-03, 1.2243502023766173e-03, 8.1035438644761436e-04,
   7.7325651605433090e-03, 1.7646048865917325e-03},
  {5.4421693501580945e-03, 1.9767324973351923e-03, 1.4642269583191670e-03,
   1.6071086977600263e-03, 1.3071530803028910e-03, 1.4099696811263587e-03,
   1.9587224017250621e-03, 2.1542687026690753e-03, 7.4034388655116329e-04,
   1.0732172589653342e-02, 9.1689424893657400e-03, 2.1916787299081464e-03,
   2.1431247883570799e-03, 2.9949355095799514e-03, 1.5531163167895289e-03,
   2.9238790831836834e-03, 4.0630285182107874e-03, 4.8135675107584730e-04,
   1.7646048865917325e-03, 1.6356187478795130e-02}};

/** Background frequencies for BLOSUM50 */
static const double
BLOSUM50_bg[COMPO_NUM_TRUE_AA] =
{7.6539470498057649e-02, 5.3250385307217402e-02, 4.3637061980733187e-02,
 5.1393635127596211e-02, 2.2316032400410832e-02, 3.4923218698747475e-02,
 5.6445304260661695e-02, 7.3850907051359951e-02, 2.4711032253042223e-02,
 6.4065361639403171e-02, 9.5587467619348249e-02, 5.7876000358301254e-02,
 2.4385897213061735e-02, 4.8098159196680347e-02, 4.0885461298433984e-02,
 5.9478937760864596e-02, 5.2921707787277797e-02, 1.3706552419028580e-02,
 3.3493684732315711e-02, 7.2433722397458003e-02};


/** Joint probabilities for BLOSUM62 */
static const double
BLOSUM62_JOINT_PROBS[COMPO_NUM_TRUE_AA][COMPO_NUM_TRUE_AA] =
{
  {2.1497573378347484e-02, 2.3470224274721213e-03, 1.9493235258876179e-03,
   2.1674844853066858e-03, 1.5903351423026848e-03, 1.9242657898716525e-03,
   2.9879059292799641e-03, 5.8158526388051033e-03, 1.1076584657559144e-03,
   3.1880644746334580e-03, 4.4186245468471547e-03, 3.3466571942021082e-03,
   1.3412107617355408e-03, 1.6360627863999076e-03, 2.1568959784943114e-03,
   6.2524987419815400e-03, 3.7180506975672363e-03, 4.0281679108936688e-04,
   1.2999956675626666e-03, 5.0679056444508912e-03},
  {2.3470224274721213e-03, 1.7757465118386322e-02, 1.9786027128591904e-03,
   1.5865480081162602e-03, 3.9365984789376245e-04, 2.4858611089731411e-03,
   2.6933867548771758e-03, 1.7221140903704937e-03, 1.2407382229440791e-03,
   1.2435878276496955e-03, 2.4193952633248727e-03, 6.2339060289407083e-03,
   8.0309461712520876e-04, 9.3181986323789834e-04, 9.5783034332718700e-04,
   2.2660898636037261e-03, 1.7802796534180537e-03, 2.6571979312581875e-04,
   9.2634607111251918e-04, 1.5810185245264004e-03},
  {1.9493235258876179e-03, 1.9786027128591904e-03, 1.4140291972553610e-02,
   3.7201973506001745e-03, 4.3845466068066216e-04, 1.5304436972610567e-03,
   2.2097156829738759e-03, 2.8591871815612977e-03, 1.4301072616183181e-03,
   9.9437221166923172e-04, 1.3690958423974782e-03, 2.4402105140841090e-03,
   5.2943633069226512e-04, 7.5004227978192801e-04, 8.6016459857770028e-04,
   3.1466019144814608e-03, 2.2360795375444384e-03, 1.6159545671597605e-04,
   7.0048422794024819e-04, 1.2014015528772706e-03},
  {2.1674844853066858e-03, 1.5865480081162602e-03, 3.7201973506001745e-03,
   2.1274574617480089e-02, 3.9909227141697264e-04, 1.6481246723433428e-03,
   4.9158017471929655e-03, 2.5221102126636373e-03, 9.5384849402143984e-04,
   1.2347404942429857e-03, 1.5202051791453383e-03, 2.4453087721980561e-03,
   4.6429229320514104e-04, 7.6023722413111566e-04, 1.2373315413524663e-03,
   2.8035127901697272e-03, 1.8961512776990257e-03, 1.6218020183662784e-04,
   5.9842263937853702e-04, 1.3158365660538270e-03},
  {1.5903351423026848e-03, 3.9365984789376245e-04, 4.3845466068066216e-04,
   3.9909227141697264e-04, 1.1931352277704348e-02, 3.0937204045913537e-04,
   3.8338775043186374e-04, 7.6951976030099293e-04, 2.2976387481074697e-04,
   1.0956590131781735e-03, 1.5682982157153873e-03, 5.0124929379033781e-04,
   3.7717165634097634e-04, 5.1389991547056834e-04, 3.6111795849154795e-04,
   1.0432626586831986e-03, 9.3041313726939057e-04, 1.4474923964368156e-04,
   3.4603772624580643e-04, 1.3606607271146112e-03},
  {1.9242657898716525e-03, 2.4858611089731411e-03, 1.5304436972610567e-03,
   1.6481246723433428e-03, 3.0937204045913537e-04, 7.3292255467189687e-03,
   3.5385780499965817e-03, 1.3683038039160171e-03, 1.0489026828741754e-03,
   8.9102936026571569e-04, 1.6174411456311808e-03, 3.0968229715707327e-03,
   7.3993258722701268e-04, 5.4255147972143906e-04, 8.4668181752066874e-04,
   1.8931125300036275e-03, 1.3796838284921874e-03, 2.2737931366728891e-04,
   6.7584155312457842e-04, 1.1660966117775285e-03},
  {2.9879059292799641e-03, 2.6933867548771758e-03, 2.2097156829738759e-03,
   4.9158017471929655e-03, 3.8338775043186374e-04, 3.5385780499965817e-03,
   1.6133927472163669e-02, 1.9380952488713059e-03, 1.3667885452189439e-03,
   1.2192061706431622e-03, 2.0030316026648431e-03, 4.1322603720305197e-03,
   6.7909745467514783e-04, 8.5179405867513139e-04, 1.4216207127018586e-03,
   2.9539180653600089e-03, 2.0493063257644955e-03, 2.6488552587183780e-04,
   8.7044186256788659e-04, 1.6987763526262680e-03},
  {5.8158526388051033e-03, 1.7221140903704937e-03, 2.8591871815612977e-03,
   2.5221102126636373e-03, 7.6951976030099293e-04, 1.3683038039160171e-03,
   1.9380952488713059e-03, 3.7804346453413303e-02, 9.5813607255887238e-04,
   1.3849118546156933e-03, 2.0864716056392773e-03, 2.5392537741810947e-03,
   7.3281559749652399e-04, 1.1976708695723554e-03, 1.3641171883713547e-03,
   3.8342830901664762e-03, 2.1858459940987062e-03, 4.0740829083805248e-04,
   8.3467413018106177e-04, 1.8218235950233687e-03},
  {1.1076584657559144e-03, 1.2407382229440791e-03, 1.4301072616183181e-03,
   9.5384849402143984e-04, 2.2976387481074697e-04, 1.0489026828741754e-03,
   1.3667885452189439e-03, 9.5813607255887238e-04, 9.2802502369336622e-03,
   5.8089627083019206e-04, 9.8696608463236094e-04, 1.1873625842258938e-03,
   3.8264639620910225e-04, 8.1041076335565583e-04, 4.7770135861914477e-04,
   1.1052034635193162e-03, 7.4371746073077327e-04, 1.5168037757411286e-04,
   1.5213771111755425e-03, 6.4882907765797669e-04},
  {3.1880644746334580e-03, 1.2435878276496955e-03, 9.9437221166923172e-04,
   1.2347404942429857e-03, 1.0956590131781735e-03, 8.9102936026571569e-04,
   1.2192061706431622e-03, 1.3849118546156933e-03, 5.8089627083019206e-04,
   1.8441526588740136e-02, 1.1382470627796603e-02, 1.5655862274689192e-03,
   2.5081290988482057e-03, 3.0458868657559346e-03, 1.0068164685944146e-03,
   1.7225081689171561e-03, 2.6953622613315018e-03, 3.6183761166072852e-04,
   1.3821121844492116e-03, 1.1972663837662637e-02},
  {4.4186245468471547e-03, 2.4193952633248727e-03, 1.3690958423974782e-03,
   1.5202051791453383e-03, 1.5682982157153873e-03, 1.6174411456311808e-03,
   2.0030316026648431e-03, 2.0864716056392773e-03, 9.8696608463236094e-04,
   1.1382470627796603e-02, 3.7141460156350926e-02, 2.4634345023228079e-03,
   4.9293545515183088e-03, 5.4151301166464015e-03, 1.4146090399381900e-03,
   2.4277107072013821e-03, 3.3238031308707055e-03, 7.3206640617832933e-04,
   2.2096734692836624e-03, 9.4786263030457313e-03},
  {3.3466571942021082e-03, 6.2339060289407083e-03, 2.4402105140841090e-03,
   2.4453087721980561e-03, 5.0124929379033781e-04, 3.0968229715707327e-03,
   4.1322603720305197e-03, 2.5392537741810947e-03, 1.1873625842258938e-03,
   1.5655862274689192e-03, 2.4634345023228079e-03, 1.6113385590544604e-02,
   9.0876633395557617e-04, 9.4875149773685364e-04, 1.5773020912564391e-03,
   3.1016069999481111e-03, 2.3467014804084987e-03, 2.7198500003555514e-04,
   9.9908866586876396e-04, 1.9360424083099779e-03},
  {1.3412107617355408e-03, 8.0309461712520876e-04, 5.2943633069226512e-04,
   4.6429229320514104e-04, 3.7717165634097634e-04, 7.3993258722701268e-04,
   6.7909745467514783e-04, 7.3281559749652399e-04, 3.8264639620910225e-04,
   2.5081290988482057e-03, 4.9293545515183088e-03, 9.0876633395557617e-04,
   4.0477309321969848e-03, 1.1901770463553603e-03, 4.0824445213456919e-04,
   8.5603787638552766e-04, 1.0095451907679563e-03, 1.9872537223131380e-04,
   5.7145288352831449e-04, 2.3123361470140736e-03},
  {1.6360627863999076e-03, 9.3181986323789834e-04, 7.5004227978192801e-04,
   7.6023722413111566e-04, 5.1389991547056834e-04, 5.4255147972143906e-04,
   8.5179405867513139e-04, 1.1976708695723554e-03, 8.1041076335565583e-04,
   3.0458868657559346e-03, 5.4151301166464015e-03, 9.4875149773685364e-04,
   1.1901770463553603e-03, 1.8277684015431908e-02, 5.2528021756783813e-04,
   1.1939618185901600e-03, 1.1624184369750680e-03, 8.4917468952377874e-04,
   4.2392005745634370e-03, 2.5763052227920180e-03},
  {2.1568959784943114e-03, 9.5783034332718700e-04, 8.6016459857770028e-04,
   1.2373315413524663e-03, 3.6111795849154795e-04, 8.4668181752066874e-04,
   1.4216207127018586e-03, 1.3641171883713547e-03, 4.7770135861914477e-04,
   1.0068164685944146e-03, 1.4146090399381900e-03, 1.5773020912564391e-03,
   4.0824445213456919e-04, 5.2528021756783813e-04, 1.9066033679132538e-02,
   1.6662567934883051e-03, 1.3511005665728870e-03, 1.4152209821874487e-04,
   4.5224391125285910e-04, 1.2451325046931832e-03},
  {6.2524987419815400e-03, 2.2660898636037261e-03, 3.1466019144814608e-03,
   2.8035127901697272e-03, 1.0432626586831986e-03, 1.8931125300036275e-03,
   2.9539180653600089e-03, 3.8342830901664762e-03, 1.1052034635193162e-03,
   1.7225081689171561e-03, 2.4277107072013821e-03, 3.1016069999481111e-03,
   8.5603787638552766e-04, 1.1939618185901600e-03, 1.6662567934883051e-03,
   1.2585947097159817e-02, 4.7004857686835334e-03, 2.8731729176487776e-04,
   1.0299846310599138e-03, 2.3587292053265561e-03},
  {3.7180506975672363e-03, 1.7802796534180537e-03, 2.2360795375444384e-03,
   1.8961512776990257e-03, 9.3041313726939057e-04, 1.3796838284921874e-03,
   2.0493063257644955e-03, 2.1858459940987062e-03, 7.4371746073077327e-04,
   2.6953622613315018e-03, 3.3238031308707055e-03, 2.3467014804084987e-03,
   1.0095451907679563e-03, 1.1624184369750680e-03, 1.3511005665728870e-03,
   4.7004857686835334e-03, 1.2514818886617953e-02, 2.8575770858467209e-04,
   9.4161039895612720e-04, 3.6402328079338207e-03},
  {4.0281679108936688e-04, 2.6571979312581875e-04, 1.6159545671597605e-04,
   1.6218020183662784e-04, 1.4474923964368156e-04, 2.2737931366728891e-04,
   2.6488552587183780e-04, 4.0740829083805248e-04, 1.5168037757411286e-04,
   3.6183761166072852e-04, 7.3206640617832933e-04, 2.7198500003555514e-04,
   1.9872537223131380e-04, 8.4917468952377874e-04, 1.4152209821874487e-04,
   2.8731729176487776e-04, 2.8575770858467209e-04, 6.4699301717154852e-03,
   8.8744160259272527e-04, 3.5578318710317554e-04},
  {1.2999956675626666e-03, 9.2634607111251918e-04, 7.0048422794024819e-04,
   5.9842263937853702e-04, 3.4603772624580643e-04, 6.7584155312457842e-04,
   8.7044186256788659e-04, 8.3467413018106177e-04, 1.5213771111755425e-03,
   1.3821121844492116e-03, 2.2096734692836624e-03, 9.9908866586876396e-04,
   5.7145288352831449e-04, 4.2392005745634370e-03, 4.5224391125285910e-04,
   1.0299846310599138e-03, 9.4161039895612720e-04, 8.8744160259272527e-04,
   1.0246100213822419e-02, 1.5489827890922993e-03},
  {5.0679056444508912e-03, 1.5810185245264004e-03, 1.2014015528772706e-03,
   1.3158365660538270e-03, 1.3606607271146112e-03, 1.1660966117775285e-03,
   1.6987763526262680e-03, 1.8218235950233687e-03, 6.4882907765797669e-04,
   1.1972663837662637e-02, 9.4786263030457313e-03, 1.9360424083099779e-03,
   2.3123361470140736e-03, 2.5763052227920180e-03, 1.2451325046931832e-03,
   2.3587292053265561e-03, 3.6402328079338207e-03, 3.5578318710317554e-04,
   1.5489827890922993e-03, 1.9631915140537640e-02}};

/** Background frequencies for BLOSUM62 */
static const double
BLOSUM62_bg[COMPO_NUM_TRUE_AA] =
{7.4216205067993410e-02, 5.1614486141284638e-02, 4.4645808512757915e-02,
 5.3626000838554413e-02, 2.4687457167944848e-02, 3.4259650591416023e-02,
 5.4311925684587502e-02, 7.4146941452644999e-02, 2.6212984805266227e-02,
 6.7917367618953756e-02, 9.8907868497150955e-02, 5.8155682303079680e-02,
 2.4990197579643110e-02, 4.7418459742284751e-02, 3.8538003320306206e-02,
 5.7229029476494421e-02, 5.0891364550287033e-02, 1.3029956129972148e-02,
 3.2281512313758580e-02, 7.2919098205619245e-02};


/** Joint probabilities for BLOSUM80 */
static const double
BLOSUM80_JOINT_PROBS[COMPO_NUM_TRUE_AA][COMPO_NUM_TRUE_AA] =
{
  {2.5190801261944146e-02, 2.0340063576029794e-03, 1.5934450456787860e-03,
   1.7567882204091898e-03, 1.5342531535382758e-03, 1.7000666571091031e-03,
   2.7868757423594017e-03, 5.3312141672192219e-03, 9.4989551434358397e-04,
   2.6511420856442343e-03, 3.6482390472164553e-03, 2.8776040054767438e-03,
   1.1106592033970583e-03, 1.3579821676123010e-03, 2.1407549535065536e-03,
   6.3814552201747433e-03, 3.5676984041129148e-03, 3.2555946863964375e-04,
   1.1044305938818220e-03, 4.6043558088638440e-03},
  {2.0340063576029794e-03, 2.0957619284835711e-02, 1.6758487367421928e-03,
   1.2888167784480715e-03, 3.3826512646630144e-04, 2.3643445818728338e-03,
   2.2882006533010476e-03, 1.4590947777562337e-03, 1.1860735000568496e-03,
   1.0137588625981279e-03, 1.8206526954490602e-03, 6.0560763047425702e-03,
   6.2337540140620625e-04, 6.8229547250252861e-04, 8.5854176274829876e-04,
   2.0042877649097124e-03, 1.5124193439838248e-03, 2.1495826193954981e-04,
   7.3405490506437917e-04, 1.3053875072860433e-03},
  {1.5934450456787860e-03, 1.6758487367421928e-03, 1.6571102507116985e-02,
   3.6538256029687933e-03, 3.7275314562150083e-04, 1.3857458787672526e-03,
   1.9028611939066358e-03, 2.5087252791082940e-03, 1.2287120285654496e-03,
   7.4457563298143141e-04, 1.0685540535108611e-03, 2.2109484306704398e-03,
   4.0104114114639772e-04, 5.5233725060967317e-04, 6.5378230775305264e-04,
   2.8681766931253736e-03, 1.9573168921473445e-03, 1.3788261408849363e-04,
   5.7618561566013431e-04, 9.3483242504674316e-04},
  {1.7567882204091898e-03, 1.2888167784480715e-03, 3.6538256029687933e-03,
   2.6192308612565114e-02, 3.3106691118318270e-04, 1.3768335120404338e-03,
   4.7855109048933571e-03, 2.2232114513351937e-03, 8.1024112807968755e-04,
   7.7107432004201270e-04, 1.0524113745173926e-03, 1.9891158615195038e-03,
   3.3025592590943029e-04, 5.9228818844263222e-04, 9.2722402594094192e-04,
   2.3761553355682980e-03, 1.6423964465390574e-03, 1.1250313032631603e-04,
   4.5827153005301055e-04, 9.6057858837385150e-04},
  {1.5342531535382758e-03, 3.3826512646630144e-04, 3.7275314562150083e-04,
   3.3106691118318270e-04, 1.7242275829262476e-02, 2.8646474074708189e-04,
   2.8282275916935814e-04, 6.0199758435290119e-04, 1.6234838273827443e-04,
   1.1265997431595498e-03, 1.4150540356314203e-03, 3.8133934535800398e-04,
   3.5227309589971249e-04, 5.3668272671786679e-04, 2.9686417147468063e-04,
   9.5169015207393563e-04, 8.7056289887733830e-04, 1.2638354788184329e-04,
   3.0970164723884082e-04, 1.3402441983659027e-03},
  {1.7000666571091031e-03, 2.3643445818728338e-03, 1.3857458787672526e-03,
   1.3768335120404338e-03, 2.8646474074708189e-04, 9.4347765835274943e-03,
   3.4983547675341785e-03, 1.0949548858705770e-03, 1.1246735029182945e-03,
   6.9825772263661188e-04, 1.3621164757556699e-03, 2.8087671852638188e-03,
   7.2881923779495811e-04, 4.5182331847654853e-04, 6.9151715980429068e-04,
   1.6537440549432947e-03, 1.2213788117405877e-03, 1.9879174677422644e-04,
   5.4136767114461271e-04, 1.0117238998697397e-03},
  {2.7868757423594017e-03, 2.2882006533010476e-03, 1.9028611939066358e-03,
   4.7855109048933571e-03, 2.8282275916935814e-04, 3.4983547675341785e-03,
   2.0820161672110919e-02, 1.6705768658803739e-03, 1.2497919872780897e-03,
   9.6840513155216357e-04, 1.4960914225340589e-03, 3.5721908719380593e-03,
   5.7149419172049785e-04, 6.3988473796368903e-04, 1.2122196186289647e-03,
   2.6389347134212079e-03, 1.8749387967046983e-03, 1.9036380224872525e-04,
   6.3290036404780182e-04, 1.4751061012869160e-03},
  {5.3312141672192219e-03, 1.4590947777562337e-03, 2.5087252791082940e-03,
   2.2232114513351937e-03, 6.0199758435290119e-04, 1.0949548858705770e-03,
   1.6705768658803739e-03, 4.6339669111671353e-02, 7.5449961042330647e-04,
   9.4996724611759150e-04, 1.6066592192185663e-03, 2.0310505314366269e-03,
   5.3609624387219209e-04, 8.9864424405597940e-04, 1.0176342727297918e-03,
   3.4421697217907042e-03, 1.8920241991862482e-03, 2.9373791998702517e-04,
   6.1327956332154923e-04, 1.4084342214988788e-03},
  {9.4989551434358397e-04, 1.1860735000568496e-03, 1.2287120285654496e-03,
   8.1024112807968755e-04, 1.6234838273827443e-04, 1.1246735029182945e-03,
   1.2497919872780897e-03, 7.5449961042330647e-04, 1.0381617825381334e-02,
   4.4036371570812095e-04, 7.9508382719793930e-04, 1.0307766502203480e-03,
   2.6842308809614442e-04, 6.8472295590456679e-04, 4.0762982846324675e-04,
   9.6226821486916257e-04, 6.8751986685796880e-04, 1.4371608217276840e-04,
   1.6115232208711219e-03, 5.3755732656986873e-04},
  {2.6511420856442343e-03, 1.0137588625981279e-03, 7.4457563298143141e-04,
   7.7107432004201270e-04, 1.1265997431595498e-03, 6.9825772263661188e-04,
